46,4
46,3
46,1
46,0
33,136
33,15
16,3
16,1
16,0
4,3
4,2
4,1
4,0
2,25
2,2
1,2
0,525
0,445
0,416
0,380
0,374
0,372
0,370
0,368
0,367
0,365
0,364
0,361
0,360
0,358
0,356
0,355
0,354
0,352
0,350
0,349
0,348
0,346
0,344
0,343
0,342
0,341
0,340
0,338
0,337
0,336
0,335
0,334
0,333
0,332
0,331
0,330
0,329
0,328
0,326
0,325
0,323
0,321
0,319
0,318
0,315
0,309
0,306
0,243
0,4
33,193
33,4
33,3
2,3
0,441
0,9
0,310
0,305
0,324
33,0
1,0
2,0
0,308
0,304
0,303
0,302
0,307
0,415
0,12
0,345
0,11
0,440
0,10
0,8
0,7
0,6
0,5
0,3
0,1
1,1
42,1
2,1
1,3
0,0
2,24
33,1
2,6
0,408
42,7
42,6
42,5
42,4
42,3
42,2
42,0
33,130
33,6
33,5
42,9
42,8
0,543
0,300
0,393
0,299
0,422
0,298
0,535
0,297
0,407
0,296
0,444
0,295
0,387
0,294
0,399
0,293
0,430
0,292
0,406
0,291
0,575
0,290
0,555
0,289
0,327
0,288
0,402
0,287
0,554
0,286
0,413
0,285
0,562
0,284
0,523
0,283
0,373
0,282
0,514
0,281
0,518
0,280
0,391
0,279
0,363
0,278
0,388
0,277
0,542
0,276
0,443
0,275
0,516
0,274
0,442
0,273
0,524
0,272
0,534
0,271
0,428
0,270
0,574
0,269
0,438
0,268
0,439
0,267
0,532
0,266
0,390
0,265
0,538
0,264
0,437
0,263
0,347
0,262
0,553
0,261
0,316
0,260
0,400
0,259
0,436
0,258
0,552
0,257
0,313
0,256
0,435
0,255
0,541
0,254
0,412
0,253
0,320
0,252
0,312
0,251
0,533
0,250
0,411
0,249
0,427
0,248
0,540
0,247
0,573
0,246
0,570
0,245
0,531
0,244
0,426
0,242
0,434
0,241
0,301
0,240
0,397
0,239
0,561
0,238
0,529
0,237
0,537
0,236
0,421
0,235
0,383
0,234
0,560
0,233
0,545
